===================================================================
Packet     Protocol         Username         Info            
------     --------         --------         --------
===================================================================

=============================
| IO Statistics             |
|                           |
| Duration: 53.352345 secs  |
| Interval:  1 secs         |
|                           |
| Col 1: Frames and bytes   |
|---------------------------|
|          |1               |
| Interval | Frames | Bytes |
|---------------------------|
|  0 <>  1 |      2 |   196 |
|  1 <>  2 |      2 |   196 |
|  2 <>  3 |      2 |   196 |
|  3 <>  4 |      2 |   196 |
|  4 <>  5 |      4 |   298 |
|  5 <>  6 |      2 |   102 |
|  6 <>  7 |      0 |     0 |
|  7 <>  8 |      0 |     0 |
|  8 <>  9 |      0 |     0 |
|  9 <> 10 |      0 |     0 |
| 10 <> 11 |      0 |     0 |
| 11 <> 12 |      0 |     0 |
| 12 <> 13 |      0 |     0 |
| 13 <> 14 |      0 |     0 |
| 14 <> 15 |      0 |     0 |
| 15 <> 16 |      0 |     0 |
| 16 <> 17 |      0 |     0 |
| 17 <> 18 |      0 |     0 |
| 18 <> 19 |     10 |  1821 |
| 19 <> 20 |      0 |     0 |
| 20 <> 21 |      0 |     0 |
| 21 <> 22 |      0 |     0 |
| 22 <> 23 |      0 |     0 |
| 23 <> 24 |      0 |     0 |
| 24 <> 25 |      0 |     0 |
| 25 <> 26 |      0 |     0 |
| 26 <> 27 |      0 |     0 |
| 27 <> 28 |      0 |     0 |
| 28 <> 29 |      0 |     0 |
| 29 <> 30 |      0 |     0 |
| 30 <> 31 |      0 |     0 |
| 31 <> 32 |      0 |     0 |
| 32 <> 33 |      0 |     0 |
| 33 <> 34 |      0 |     0 |
| 34 <> 35 |      0 |     0 |
| 35 <> 36 |      0 |     0 |
| 36 <> 37 |     20 |  2123 |
| 37 <> 38 |      0 |     0 |
| 38 <> 39 |      6 |   400 |
| 39 <> 40 |      6 |   400 |
| 40 <> 41 |     17 |  1144 |
| 41 <> 42 |      8 |   532 |
| 42 <> 43 |      8 |   532 |
| 43 <> 44 |     16 |  1586 |
| 44 <> 45 |      0 |     0 |
| 45 <> 46 |     13 |   905 |
| 46 <> 47 |      0 |     0 |
| 47 <> 48 |      0 |     0 |
| 48 <> 49 |      0 |     0 |
| 49 <> 50 |      6 |   400 |
| 50 <> 51 |     12 |   808 |
| 51 <> 52 |      7 |   536 |
| 52 <> 53 |      0 |     0 |
| 53 <> Dur|      6 |   405 |
=============================
